Codigo Estación	Tipo Estación	Nombre Estación	Nombre de la Corriente Hídrica	Areade la Cuenca (Km2)	Perímetro (Km)	Pendiente Media de la Cuenca (%)	Elevacion Media de la Cuenca (msnm)	Desnivel Cuenca (m)	Compacidad	Densidad de Drenaje (Longitud de Drenajes/km2)	Densidad de Corrientes (Num de Drenajes/km2)	Deficit de agua en el suelo basada en Penman Anual	Pendiente media del cauce (m/m)	Longitud del cauce (m)	Desnivel del cauce (m)	Bosque Km2
11017010	LM	AGUASAL	ANDAGUEDA	898,198	221,208	40,576276	876,624838	3735	2,066678011	1,403212392	0,716991131	127,98893	0,020205586	118977	2404	689,6181
11027010	LM	PTE LAS SANCHEZ	ATRATO	228,79	79,0717	50,614551	2312,942622	2253	1,4637287	0,729757105	0,32344071	145,020752	0,046425225	30953	1437	114,1557
11027030	LG	SIETE EL	ATRATO	210,173	71,7616	50,358708	2357,609202	2176	1,385995062	0,733142668	0,316406008	145,020752	0,051050049	26679,7	1362	108,3015
11027050	LG	GINDRAMA	ATRATO	1638,9	256,332	37,50584	1022,056307	3917	1,772901591	1,06285691	0,454268107	134,589363	0,02076345	136538	2835	1168,804
11037020	LG	PTE CERTEGUI	QUITO	262,503	95,1818	13,291052	123,812658	260	1,644920107	1,728728677	0,782848196	189,287918	0,003027653	41616,4	126	206,8435
11047030	LM	NEGUA	NEGUA	410,998	154,533	28,233753	525,986846	3413	2,134319405	0,823611589	0,288322571	160,050298	0,025753709	81075,7	2088	337,5534
11077020	LG	MAGDALENA LA	PENDERISCO	636,759	139,771	44,306482	2306,215402	1910	1,550913433	1,072882953	0,570859619	150,405862	0,022944189	41186,9	945	235,1553
11077030	LM	PLAYA LA	MURRI	3284,52	399,694	39,009711	1511,467286	3930	1,952763752	0,965150003	0,39929731	198,506384	0,01533378	177647	2724	1923,568
11117010	LG	A#IL EL	RIOSUCIO	714,928	138,487	49,101904	1957,259198	2874	1,450226663	1,033305064	0,402138397	156,702671	0,031233052	67300,5	2102	206,0437
11117040	LG	MUTATA	RIOSUCIO	3342,34	377,371	48,075091	1440,759634	3630	1,827684551	0,882598262	0,325370848	285,881462	0,019093318	139630	2666	1266,282
11117050	LM	DABEIBA 2	RIOSUCIO	1972,64	236,259	53,084059	1821,964077	3339	1,489438156	0,961235818	0,369048585	288,480954	0,026429723	90958,2	2404	519,3169
11147020	LG	BAJIRA	BAJIRA	77,5655	60,2235	4,309956	31,954622	60	1,91465145	1,113070411	0,399662221	275,278979	0,000973056	20553,8	20	4,734845
12017010	LM	CHIGORODO	CHIGORODO	197,093	80,5853	23,54978	279,859733	1680	1,607230844	1,172653615	0,380531018	291,293068	0,025737543	33181,1	854	90,78843
12017040	LM	RIOGRANDE	GRANDE	53,8265	37,5766	31,546771	300,910667	1040	1,434093418	0,658207574	0,139336572	343,466871	0,022694073	15334,4	348	44,25483
12017050	LM	PTE CARRETERA	ZUNGO	54,4304	41,2988	17,282555	137,070031	595	1,567381445	0,827882893	0,257209207	313,346395	0,004641121	19176,4	89	20,84426
12017060	LM	APARTADO	APARTADO	91,7025	55,3513	30,95047	366,679677	1073	1,618435026	0,951770988	0,212644148	360,977676	0,029216013	21050,1	615	37,58038
12027010	LM	PUEBLO BELLO	MULATOS	306,742	128,742	25,152659	361,054617	998	2,058219367	0,96498192	0,309706529	380,409888	0,00640295	84492,3	541	96,51564
12027050	LM	PUEBLO NUEVO	MULATOS	1021,66	233,6	19,31872	220,229316	1079	2,04633944	1,014662526	0,396903079	529,614709	0,00390399	157275	614	333,0445
12027060	LM	DOS EL	TURBO	149,29	57,988	25,138083	188,694675	687	1,328864815	1,225400529	0,398553152	521,249647	0,00751224	23162,2	174	58,22958
12037010	LG	CANDELARIA LA	SAN JUAN D URABA	1045,32	231,121	12,301837	125,291494	672	2,001579339	0,660392085	0,171717752	719,091673	0,002076164	122341	254	56,9021
12037030	LG	CARMELO EL	SAN JUAN D URABA	834,734	198,063	12,117089	130,181998	663	1,919496535	0,573216704	0,107219785	706,930807	0,002140206	110737	237	37,32774
12037050	LM	SAN PEDRO	QDA AGUAS CLARAS	105,102	65,859	19,300958	269,391833	570	1,798737021	0,676988525	0,114174802	584,722137	0,004165292	35771,8	149	11,34582
13017020	LG	LIMON EL	SINU	2827,7	341,724	35,40665	731,106182	3605	1,799354966	0,839313387	0,358418503	236,366838	0,022940755	108802	2496	2585,564
13077060	LG	COTOCA ABAJO	SINU	13367,6	896,027	16,871162	280,943237	3729	2,169963391	0,761337538	0,280454233	566,434749	0,006998422	374513	2621	4037,418
13077300	LM	MONTON EL	SINU	8605,97	746,19	22,704103	412,054609	3717	2,252203049	0,753753447	0,26905741	404,929659	0,008113483	322303	2615	3996,598
13097010	LM	TOLUVIEJO	AY PECHELIN	501,367	130,58	13,559037	190,641638	643	1,6328896	1,098210877	0,436805773	867,524282	0,005623571	34853,3	196	52,87632
15017020	LM	REVUELTA LA	PIEDRAS	141,136	64,0306	38,266034	721,150409	2368	1,509130166	1,694714899	1,038005895	460,497009	0,054895148	27743,8	1523	24,8692
15017030	LG	MINCA	GAIRA	34,4953	30,3494	47,566192	1592,344369	2247	1,446865555	1,53213229	0,84069424	489,14048	0,111822472	11527,2	1289	16,9952
15017040	LG	GUACHACA	GUACHACA	245,788	84,182	52,65328	878,661045	2847	1,5034775	1,370150878	0,722167071	476,801437	0,032718627	41933,3	1372	115,648
15027010	LG	PTE CARRETERA	DON DIEGO	534,603	139,658	55,535531	1569,107955	5228	1,691251341	1,229911433	0,494759663	423,792511	0,054399632	60846	3310	348,9608
15037010	LG	ANCHO	ANCHO	508,445	140,572	70,02723	2291,127787	5013	1,745560335	1,214230332	0,653954705	606,109924	0,071631425	53733,4	3849	128,0674
15037020	LG	PTE CARRETERA	PALOMINO	673,981	158,63	64,168923	2134,17402	5697	1,710879918	1,037479583	0,382058248	439,391178	0,058103938	73007,1	4242	284,8062
15037030	LM	MINGUEO	CANAS	129,54	59,8706	43,520797	614,772274	2183	1,472887904	1,429870604	0,687046472	326,577454	0,046274502	21242,8	983	62,02689
15047020	LM	PTE BOMBA	TAPIAS	850,015	147,82	26,955826	519,987155	3501	1,419639042	1,325179944	0,622930184	515,994741	0,017423719	83966	1463	163,8342
15067010	LG	LOMA LINDA	AY CERREJON	111,495	53,2009	45,401888	468,764174	1678	1,410747583	1,963237571	1,10767299	-3411,442978	0,036163452	18001,6	651	3,95363
15067020	LG	CERCADO EL-AUTOMAT	RANCHERIA	355,012	120,659	42,380483	1328,662772	4016	1,793065838	1,625153862	0,96898133	490,124188	0,057506016	57385,3	3300	74,90036
15067110	LG	REMEDIOS	AY TABACO	37,697	32,033	36,001447	600,185321	1120	1,460838649	1,409008993	0,875401226	-6493,57316	0,044068223	10324,9	455	6,67733
15067130	LG	POZO HONDO	AY POZO HONDO	45,4737	36,6695	17,196836	714,667373	988	1,522589651	1,966025681	0,747684926	1204,915707	0,064491176	11117,8	717	1,373446
15087010	LG	CARRAIPIA	CARRAIPIA	53,8091	48,065	28,398952	337,226263	823	1,834674876	0,64179531	0,092921086	-7838,56529	0,021175357	16056,4	340	19,99321
16017020	LG	DONJUANA LA-AUTOMA	PAMPLONITA	422,047	124,594	46,906546	1991,534723	2925	1,698144924	1,208989868	0,54970181	383,215546	0,043799411	49292,9	2159	80,70284
16027010	LG	POMARROSOS LOS	SALAZAR	100,53	52,4662	65,010165	2129,28233	3006	1,465176015	1,542375788	0,785835074	239,480103	0,103114478	19008	1960	68,55049
16037010	LG	CAMPO TRES	NUEVO PRESIDENTE	717,302	163,83	37,107794	616,365345	2247	1,712775499	1,597236878	0,870623531	281,97168	0,015048611	68112,6	1025	282,2708
16037020	LG	CAMPO DOS	SARDINATA	1873,84	278,201	37,74172	1115,943714	3559	1,799494259	1,560573535	0,76687444	239,363249	0,023815009	130212	3101	609,5706
16037030	LG	PTE SARDINATA	SARDINATA	908,784	158,084	53,945647	1868,541455	3346	1,468302748	1,506012979	0,808222856	176,471943	0,046867616	61577,7	2886	260,3286
16037040	LM	CAMPO SEIS	TIBU	314,602	91,932	36,669069	505,226873	1558	1,451255906	1,204641169	0,588044577	518,808914	0,007176567	30237,3	217	204,776
16037050	LG	PTE SAN MIGUEL	SAN MIGUEL	410,81	118,893	19,833573	365,841524	2137	1,642456263	1,571095448	0,703488231	335,630716	0,029870261	56444,1	1686	164,0629
16047010	LG	PTE ABREGO	TARRA	367,047	104,235	42,782673	2201,051762	2076	1,523388815	1,651963879	0,854114051	304,858444	0,025344799	37246,3	944	29,49832
16047020	LM	PTE TARRA	TARRA	1644,34	274,973	46,079312	1517,401489	3316	1,898682172	1,570456699	0,7866378	321,87223	0,01683062	129407	2178	409,4028
16057030	LG	CABA#A LA-AUTOMATI	ALGODONAL	533,543	135,983	31,281269	1705,39495	2304	1,648382276	1,79674069	0,794687588	320,632807	0,025307798	64328	1628	20,40819
16057040	LG	QUINCE LETRAS	CATATUMBO	1391,04	233,672	36,617825	1473,557857	3171	1,754263785	1,624260131	0,728232114	457,556187	0,020918512	119846	2507	149,0148
16067010	LG	PTO BARCO-GABARRA	CATATUMBO	5186,91	475,079	40,137276	1181,677248	3507	1,847011114	1,40135202	0,628312425	456,690815	0,011261674	250762	2824	1492,566
16067020	LG	CABLE EL	CATATUMBO	4133,16	381,027	42,387028	1350,256977	3422	1,659482488	1,49575698	0,701037463	456,710234	0,015536811	176999	2750	896,4411
21017020	LG	SAN AGUSTIN	NARANJOS	326,219	112,429	33,968637	2353,46952	1962	1,742937256	1,327424776	0,511926037	212,456926	0,043008917	38666,4	1663	187,4389
21017040	LG	SALADO BLANCO	MAGDALENA	2991,86	324,989	33,593312	2252,939442	3640	1,663627379	1,313568845	0,497850835	338,483576	0,02131753	116430	2482	1088,421
21017050	LG	PITALITO 2	GUARAPAS	270,512	105,776	31,492283	1810,771476	1633	1,800743698	1,469101411	0,665404862	232,080276	0,026303565	49080,8	1291	76,11855
21017060	LG	MAGDALENA LA	MAGDALENA	558,356	120,554	41,741226	2978,604817	2754	1,428512558	1,397918099	0,619676336	311,435568	0,041523654	43469,2	1805	244,6844
21027010	LG	PERICONGO	MAGDALENA	3566,19	376,116	33,420102	2156,539278	3808	1,763508678	1,272685586	0,473053875	306,084408	0,018220579	144946	2641	1181,865
21037010	LG	PTE GARCES	SUAZA	996,176	200,991	37,161377	1608,678965	1998	1,783062659	1,328900183	0,54709208	303,669493	0,016109761	85538,2	1378	336,7128
21037020	LM	SAN MARCOS	SUAZA	352,916	97,5301	36,767447	1793,651553	1704	1,45365393	1,567796861	0,78630609	301,274532	0,026998661	40113,1	1083	226,9574
21047010	LG	PTE BALSEADERO	MAGDALENA	5654,58	464,719	33,845521	1898,964247	3944	1,730407082	1,244909461	0,470061437	309,618411	0,014613965	190229	2780	1572,173
21057020	LM	SAN RAFAEL-LAGUNA	BEDON	111,817	58,0858	24,662782	3516,39209	2008	1,538062871	0,84677042	0,143090943	166,532413	0,072746646	20083,4	1461	36,80049
21057030	LM	PTE RICAURTE	PAEZ	2459,16	304,708	45,840686	2781,053565	5388	1,720475509	1,558831646	0,80393305	81,064068	0,030260256	91175,7	2759	665,3236
21057050	LG	VEGA EL SALADO	LA PLATA	1214,95	199,895	32,619665	2389,947715	3510	1,605760461	0,867675336	0,237458332	160,843706	0,038245664	77342,1	2958	293,3495
21057060	LG	PAICOL	PAEZ	4840,62	423,671	41,806617	2504,29331	5388	1,705046681	1,275246696	0,568005751	109,910338	0,024250768	122759	2977	1304,019
21087040	LM	HIDROELECTRICA	PEDERNAL	103,928	49,2391	50,915035	1596,161623	2547	1,352389695	0,982201187	0,283850358	225,784081	0,085802489	18204,6	1562	4,133792
21087050	LG	BOCATOMA	IQUIRA	54,0951	40,1742	50,681798	2185,290451	2172	1,529418379	0,990290433	0,332747328	277,480636	0,085693058	17901,1	1534	22,66207
21087070	LG	JARDIN EL HDA	YAGUARA	493,265	131,484	38,765923	1447,449182	2646	1,657642178	1,229840064	0,457157917	294,703051	0,020580157	40378,7	831	54,23822
21087080	LG	VENECIA HDA	YAGUARA	671,668	138,592	38,782262	1395,218065	2675	1,497334614	1,219018682	0,463770792	277,473309	0,019740823	42804,7	845	58,37202
21097070	LG	PTE SANTANDER-AUTO	MAGDALENA	15132,7	810,426	36,021459	1903,547861	5388	1,844646642	1,330341678	0,600818096	294,916954	0,009728431	312075	3036	3659,902
21107020	LM	PTE MULAS	NEIVA	615,789	149,452	46,213687	2000,324412	2732	1,686334788	1,643344309	1,089658958	542,034588	0,046147369	42277,6	1951	269,1954
21107030	LM	CASIL EL	NEIVA	215,805	80,1133	41,660045	2090,314992	2318	1,526974911	1,679949626	1,037974097	556,484467	0,056025092	29236,9	1638	168,2223
21117080	LM	GUAYABO	CEIBAS	224,345	89,6548	51,894361	1912,324401	2524	1,675997552	1,469526947	0,980632508	263,675405	0,050413553	37093,2	1870	137,4103
21127010	LM	PALERMO	TUNE	181,771	76,7521	34,190995	1101,484393	2487	1,593991496	1,54779703	0,935242695	294,638611	0,01611703	30774,9	496	6,902675
21127030	LG	STA MARIA	BACHE	101,154	56,2069	44,716188	2666,35608	1867	1,564790259	1,036836438	0,375664828	109,466338	0,069513258	20082,5	1396	58,66214
21137010	LG	PURIFICACION-AUTOM	MAGDALENA	25510,8	1180,68	33,255667	1627,766905	5388	2,069799125	1,329654109	0,621893473	254,026429	0,006522039	485891	3169	4679,981
21137020	LG	PURIFICACION 1	CHENCHE	271,558	124,654	6,216401	354,961749	966	2,118034109	0,7816662	0,239359547	407,519826	0,008815035	57061,6	503	11,24164
21137030	LG	PTE CARRETERA	AIPE	658,955	159,014	38,381326	1366,323818	2647	1,734464897	1,272189468	0,572117975	127,35805	0,024933231	85668,8	2136	49,89125
21137040	LM	ANCHIQUE	ANCHIQUE	219,813	89,1095	34,512583	1034,783168	1330	1,682888534	1,511922047	0,962181491	356,112747	0,022768488	37551,9	855	0
21137050	LG	ANGOSTURA	MAGDALENA	22295,8	1126,76	34,631198	1730,533264	5388	2,112895035	1,344770083	0,629916845	252,798593	0,007819209	399401	3123	4512,291
21147030	LG	CARRASPOSO	CABRERA	1662,57	247,909	33,239663	2110,356665	3377	1,702395078	1,383178169	0,624033875	157,648259	0,033543028	90719,3	3043	390,9146
21147050	LM	PTE VENADO	VENADO	527,987	124,855	46,416563	2017,574515	3130	1,521431331	1,454464434	0,981084762	153,50666	0,038466871	51212,9	1970	114,3845
21167020	LG	BOQUERON	PRADO	1629,24	213,419	25,511589	1147,859125	2803	1,480466484	1,211144151	0,543198056	262,187625	0,018226549	77798,6	1418	141,5182
21167050	LM	PTE CUNDAY	PRADO	148,838	62,5352	24,811567	998,777536	1906	1,435243741	1,32464335	0,356091858	730,356779	0,054361675	23546	1280	2,946008
21187020	LG	PAVO REAL	LUISA	168,121	69,8358	40,647175	1559,364574	2681	1,508082713	1,601237044	0,889240488	354,827056	0,070010511	27210,2	1905	31,47924
21197010	LG	PROFUNDO EL-AUTOMA	SUMAPAZ	945,877	185,268	25,59641	3283,691151	2440	1,686712688	1,055057808	0,341482032	527,350065	0,036498287	54660,1	1995	101,658
21197030	LG	PLAYA LA	SUMAPAZ	1166,41	206,97	26,918523	3064,580866	3444	1,696835782	0,990150124	0,31464065	549,396418	0,037053647	81611,4	3024	132,3362
21197090	LM	DOS MIL	SUMAPAZ	703,254	163,787	26,011207	3485,601348	2185	1,729343851	1,083755721	0,354779354	601,613873	0,039311555	44668,8	1756	45,4218
21197110	LG	SILVANIA	SUBIA	160,175	58,7544	24,401022	2305,870717	1635	1,299873412	1,500297899	0,674262525	260,466904	0,057193923	20142	1152	0,285541
21197150	LG	LIMONAR EL	SUMAPAZ	2432,45	299,414	27,352571	2545,617638	3836	1,699840505	1,147466535	0,406174844	515,658673	0,032108748	105859	3399	154,7373
21207960	LG	PTE PORTILLO	BOGOTA	5407,21	554,997	20,223483	2524,427448	3553	2,113304358	1,189300178	0,457259844	390,648915	0,008952026	270665	2423	33,27298
21217070	LG	PAYANDE	COELLO	1528,97	218,173	47,081678	2415,402419	4675	1,562282445	1,314127922	0,58503437	442,748873	0,040972631	82152,4	3366	470,6836
21217120	LG	PTE CARRETERA	COELLO	797,308	166,366	48,536739	2805,564296	3809	1,649717363	1,250272133	0,607042699	531,820309	0,060717547	45555,2	2766	265,2651
21217180	LG	MONTEZUMA	COMBEIMA	164,699	63,6981	60,115361	2883,410755	3786	1,389757507	1,373035179	0,607168228	456,30098	0,104559565	23967,2	2506	42,98372
21217190	LM	JUNTAS	QDA PERLAS	10,8408	15,1273	53,47625	3247,169879	1475	1,286437777	1,413072928	0,830197033	565,892639	0,289168166	3257,62	942	2,482888
21217200	LG	CARMEN EL	COELLO	1096,83	193,859	48,57361	2622,859167	4187	1,638982586	1,251991505	0,586234877	462,39698	0,04749247	66136,8	3141	379,3831
21217220	LM	SAN VICENTE	COMBEIMA	105,752	47,7641	59,614574	3120,652211	3496	1,30051491	1,394829781	0,586277328	339,620041	0,136541841	16273,4	2222	19,52047
21217270	LM	CHUZO EL	ANAIME	260,845	80,8239	42,99604	2957,669427	2077	1,401220801	1,120509448	0,506047653	369,937805	0,060707067	29881,2	1814	109,7794
21217280	LM	PTE LA BOLIVAR	BERMELLON	81,1727	41,9971	48,590688	2840,460288	1774	1,305185793	1,242683599	0,689887117	551,407579	0,077172757	14849,8	1146	29,1683
21237040	LM	CORRALITOS	SECO	248,09	80,9556	32,416533	1222,301282	1887	1,439130898	1,438032488	0,749727921	211,562902	0,03089339	34149,7	1055	0
21247050	LM	BOCATOMA	TOTARE RIO	412,708	142,045	46,452902	3014,300098	4719	1,95777392	1,317639619	0,690560881	240,739467	0,059414769	61903,8	3678	31,52455
21257070	LM	PTE SAN FRANCISCO	SABANDIJA	340,787	102,92	25,130853	864,45108	2065	1,561048151	1,91857447	1,335144827	69,063491	0,041487976	29333,8	1217	79,25304
21257090	LG	ESMERALDA LA	LAGUNILLA	670,966	182,202	38,312699	1901,827214	5048	1,969522354	1,598254412	0,792886674	80,249385	0,051918005	83073,3	4313	93,02073
21257100	LG	NUEVA LA	RECIO	645,545	155,031	43,567056	2542,619415	4774	1,708493453	1,307817252	0,689340015	149,70502	0,052909222	76432,8	4044	33,79444
21257120	LG	PTE GATO NEGRO-AUT	LAGUNILLA	175,466	74,4188	42,14953	2920,8756	4032	1,573056082	1,444116268	0,678194066	83,660611	0,095907383	35190,2	3375	35,80439
22017010	LG	BOCAS	ANAMICHU	653,615	141,443	62,720462	2929,209633	3867	1,549096545	1,237613141	0,58673684	100,715505	0,053218503	51391,9	2735	216,3399
22017020	LG	SARDINAS LAS	SALDANA	1629,82	205,976	55,680535	2843,441483	3465	1,428580869	1,358924425	0,624608853	77,072529	0,039624745	69073	2737	781,4464
22017030	LG	BOCAS	BLANCO	106,127	58,0355	47,788671	1752,387182	2679	1,577389036	1,564731011	0,819772537	202,199203	0,061207748	29865,5	1828	17,33758
22027010	LG	CONDOR EL	ATA	1377,35	229,461	48,831088	2620,199287	4432	1,731190087	1,245528203	0,543797873	71,007833	0,029547489	100550	2971	471,843
22027020	LG	GAITANIA	ATA	917,443	181,622	52,108047	2969,141225	4432	1,678946817	1,212358729	0,54935293	64,858437	0,035492671	70747	2511	366,9071
22037010	LG	ESPERANZA LA	MENDARCO	106,317	62,7809	44,567251	1313,054676	2499	1,704842298	1,572428897	0,799495847	338,235502	0,055450322	28349,7	1572	5,752895
22047010	LM	QUESO EL HDA	AMOYA	1147,99	203,723	50,623697	2613,163817	3625	1,683561717	1,313881347	0,628925339	170,696527	0,036509249	87429,9	3192	307,4457
22057010	LG	PIEDRAS COBRE-AUTO	SALDANA	7738,25	534,33	46,058115	2100,73204	4597	1,700772447	1,453569933	0,726650082	171,447341	0,015371825	221314	3402	1973,464
22057040	LG	PALMALARGA	SALDANA	6218	460,773	49,877806	2359,101172	4597	1,63613711	1,359761924	0,648037954	146,933983	0,019119167	173177	3311	1876,991
22057050	LM	PTE LA HAMACA	QDA POLE	173,795	72,7856	40,876964	1269,692139	1446	1,545912322	1,384554567	0,523605397	256,458354	0,033421778	31356,8	1048	0,297183
22057060	LG	MURALLA LA	SALDANA	4403,82	355,328	52,588184	2525,732541	4597	1,499245255	1,337009403	0,612536389	101,836925	0,023612201	135142	3191	1524,132
22067010	LM	PTE ORTEGA	ORTEGA	280,9	90,2464	31,911235	994,289576	2526	1,507689979	2,050247999	1,117835529	253,556602	0,042225999	44830,2	1893	0,679973
22067020	LM	BRAZUELO DELICIAS	TETUAN	371,241	100,217	44,593216	1860,217337	3230	1,456369122	2,005372957	1,276798629	192,298065	0,054065052	48164,2	2604	62,85546
22077030	LG	DIAMANTE EL	CUCUANA	231,671	77,3348	37,592155	3213,177104	1894	1,42264703	1,453060871	0,615096408	115,710342	0,046531258	28432,5	1323	87,84243
22077060	LG	GUAMAL EL	TUAMO	242,029	93,8757	39,734049	2336,529348	3096	1,689575162	2,018121407	1,21059873	234,859273	0,065508877	41429,5	2714	92,89823
22077070	LG	CALICHAL EL BOSQUE	CUCUANA	591,847	136,684	40,832146	2672,215331	3078	1,573153083	1,656532874	0,864243631	97,733186	0,043938091	58150	2555	141,9149
23017020	LM	BOCATOMA	QDA PADILLA	23,0182	27,6115	14,989747	431,353693	385	1,611433367	1,249723306	0,955765438	431,944714	0,012235179	7437,57	91	4,051395
23017030	LM	PTE LOPEZ	GUALI	789,471	231,627	36,536665	1731,509086	5090	2,308230221	1,639846738	0,889203023	143,195965	0,037936294	111450	4228	173,316
23017040	LG	ESPERANZA LA	GUALI	463,245	167,275	46,912628	2382,70123	4804	2,176124305	1,605556222	0,808427506	77,914981	0,050409336	78199,8	3942	108,0843
23017060	LM	PTE CARRETERA	SUCIO	87,8928	56,8351	26,82395	1054,027503	1410	1,697453984	1,799265048	1,2060146	144,804058	0,043752502	21735,9	951	16,15428
23027060	LG	PTE CARRETERA	GUARINO	839,048	257,251	49,444057	2277,275223	3812	2,486690297	1,562818841	0,811038224	105,598037	0,026673095	116147	3098	265,295
23037010	LG	PTO SALGAR-AUTOMAT	MAGDALENA	56547	1860,01	32,769873	1738,426063	5388	2,1901231	1,345041271	0,619113304	278,044944	0,004257644	779774	3320	9033,671
23057140	LG	SAN MIGUEL-AUTOMAT	LA MIEL	2288,04	275,938	46,778234	1316,669757	3679	1,615242515	1,550046427	1,137217881	206,565802	0,028798833	108303	3119	889,0197
23067020	LG	COLORADOS	NEGRO	3118,04	322,189	37,671249	1437,463305	3497	1,615577883	1,239282548	0,658586805	361,059733	0,021313343	107116	2283	90,07123
23067040	LG	PTO LIBRE	NEGRO	4560,27	469,94	37,864814	1217,936337	3638	1,948521336	1,317311463	0,685266443	341,648061	0,013749611	176805	2431	410,707
23067050	LG	GUADUERO	NEGRO	2538,72	278,467	38,896429	1565,350627	3357	1,547477579	1,189389289	0,637132098	354,820123	0,031612502	68137,6	2154	61,35297
23067060	LG	TOBIA	NEGRO	1114,38	190,666	38,87015	1732,744989	3142	1,59924364	1,280334261	0,738078573	305,722718	0,032948754	75207,7	2478	38,59614
23067070	LM	VILLETA	VILLETA	435,612	110,009	36,323589	1522,928367	2313	1,475829988	1,005923863	0,440759208	357,516364	0,018942687	32783,1	621	1,119151
23067080	LG	CHARCO LARGO	NEGRO	710,375	174,388	37,936671	1840,844578	2848	1,83202246	1,33328123	0,789723737	264,178082	0,043468841	50311,9	2187	38,59614
23077020	LG	PTE FERROCARRIL	COCORNA	819,288	212,685	28,548368	525,636553	2104	2,08054252	1,053389172	0,410722481	325,645277	0,016399924	85488,2	1402	310,1631
23087150	LG	PTE REAL	NEGRO	314,044	112,778	23,833068	2347,267423	1029	1,781915763	1,164697966	0,593865828	58,262151	0,008322665	37728,3	314	44,18946
23087160	LG	CARAMANTA	NUS	302,995	106,684	31,644768	1348,809965	1429	1,716088145	1,609040836	1,155134573	384,607808	0,025661351	44658,6	1146	5,517076
23087180	LG	SIRPES LOS	QDA LA CONCEPCION	117,981	59,1475	31,006262	2058,27315	847	1,524713999	1,355444199	0,754358753	323,719925	0,027293963	24401	666	5,803097
23087190	LM	GARRUCHA LA	SAMANA NORTE	1527,29	236,853	43,604717	1505,235897	2918	1,696977825	1,205474965	0,661956799	199,817186	0,029207873	71145,2	2078	602,7426
23087200	LG	PAILANIA	STO DOMINGO	194,641	86,7412	52,350106	1819,461529	2272	1,74086981	1,016234493	0,295415663	147,751205	0,043426767	36728,5	1595	103,3187
23087260	LG	COLTEPUNTO RNS 19	QDA LA CIMARRONA	55,3291	50,1603	20,550707	2222,091412	687	1,888171133	1,527234023	0,813315236	139,969773	0,00870675	18491,4	161	3,397677
23087670	LG	RIOTEX	QDA LA MOSCA	151,694	85,0521	21,440171	2251,77737	671	1,933565421	1,401835003	0,800954553	165,965412	0,005684441	20582,5	117	0
23087830	LG	FRESERA LA	NEGRO	777,386	181,197	21,850788	2268,794678	1041	1,819661794	1,360553866	0,683058352	100,685841	0,007156412	46531,7	333	59,50063
23107020	LG	BODEGA LA	REGLA	2420,26	360,092	26,794633	888,86743	1869	2,049464937	1,199251081	0,801979953	348,899674	0,012517108	115442	1445	618,7204
23107030	LG	MASCOTA LA	SAN BARTOLOME	306,4	136,399	26,209469	1378,683355	949	2,181849735	1,713621289	1,468668407	302,426768	0,01617682	34493,8	558	5,378144
23107040	LM	VEGACHI	VOLCAN	305,298	111,617	24,094758	1281,036576	1004	1,788654244	1,424900897	1,031778787	335,323227	0,01393248	40337,4	562	13,23994
23127020	LG	PTO ARAUJO-AUTOMAT	CARARE	5366,08	532,352	34,040709	1197,735458	3709	2,034831021	1,249651019	0,545929244	199,370179	0,014719585	227520	3349	1123,449
23127050	LM	BARREDERO FCA	CARARE	6445,07	593,051	31,345846	1040,136586	3718	2,068408218	1,230908331	0,516596406	248,609698	0,013412347	250590	3361	1443,458
23127060	LG	STA ROSA	CARARE	4900,61	468,813	36,138777	1292,271792	3666	1,875135286	1,273515957	0,569010797	177,175641	0,018474464	179491	3316	1023,19
23147020	LG	PTE FERROCARRIL	OPON	1737,7	322,443	29,777977	873,925874	3314	2,165826105	1,060954608	0,393336019	354,943893	0,016515578	134358	2219	568,6237
23147040	LM	AYACUCHO	LA COLORADA	1460,46	223,649	26,265957	581,815304	3340	1,638627197	1,277238784	0,453624201	627,22903	0,035510283	66403,3	2358	385,6618
23167010	LM	PENAS BLANCAS	MAGDALENA	86140	2462,45	31,301867	1460,470103	5388	2,34921637	1,313009817	0,627078013	287,733367	0,003131665	1083130	3392	15102,05
23177010	LM	BAGRE EL	CIMITARRA	2961,02	466,118	19,672729	417,473984	1672	2,398464171	0,715744297	0,228637429	431,772358	0,004756174	172828	822	1856,541
23187280	LM	SITIO NUEVO R-11	MAGDALENA	118111	2877,54	30,646284	1530,513382	5388	2,344413575	1,265516503	0,585385781	340,450708	0,002852862	1201250	3427	20590,9
23197130	LG	PTE SARDINAS	SANTA CRUZ	126,117	57,0132	46,877635	1910,129359	2348	1,421499244	1,576742588	0,856347677	586,551006	0,072804275	24792,5	1805	55,37104
23197270	LM	PTE PANEGA	VETAS	246,624	70,1332	48,796047	2982,195208	2656	1,25044334	1,040433417	0,421694563	611,569885	0,089852128	22147,5	1990	6,689792
23197290	LG	CAFE MADRID	LEBRIJA	1264	199,13	41,126399	1938,054495	3643	1,568271276	1,347803331	0,597310127	610,194047	0,048737502	60938,7	2970	115,5062
23197370	LM	SAN RAFAEL	LEBRIJA	4329,29	382,711	39,716089	1418,471672	4187	1,628623276	1,49500114	0,719633011	496,306046	0,020914182	167494	3503	602,6061
23197410	LM	HOYO EL	SAN ALBERTO	652,564	163,689	35,120107	810,195041	3501	1,794179835	1,703182212	0,810648457	402,550201	0,027725996	63514,4	1761	149,3547
24017570	LG	SAN BENITO	SUAREZ	5340,3	466,37	24,979789	2489,839083	2878	1,786922881	1,239891904	0,526187667	217,373632	0,012161883	154828	1883	508,6518
24017580	LM	JUSTO PASTOR GOMEZ	OIBITA	318,599	124,806	27,51542	1900,064831	2086	1,957813377	1,011745941	0,379787758	322,545151	0,027640671	47104,5	1302	84,33244
24017590	LG	PTE NACIONAL	SUAREZ	2256,58	339,748	21,501798	2684,771936	2202	2,002578609	1,254626323	0,549060968	165,66143	0,011853997	111861	1326	38,58825
24017600	LG	MONIQUIRA	MONIQUIRA	1158,22	168,404	23,885259	2561,60113	2160	1,385526715	1,459282009	0,670857005	153,950671	0,017043438	76921,1	1311	47,23
24017640	LM	CEIBA LA	SUAREZ	7008,08	567,141	26,373267	2299,045976	3193	1,896922337	1,247838876	0,532171436	246,7779	0,010566117	208402	2202	686,5469
24027010	LG	SAN GIL	FONCE	2086,98	265,063	39,429857	2251,923524	3185	1,62460579	1,247907126	0,565649886	374,553359	0,027637264	91904,9	2540	510,4048
24027030	LG	NEMIZAQUE	PIENTA	627,436	139,728	42,071397	2676,170479	2988	1,561912705	0,987280551	0,37613398	447,836757	0,048113922	48468,3	2332	182,5648
24027040	LG	PTE CABRA	MOGOTICOS	182,88	72,2941	29,580947	1843,736732	1312	1,496848272	1,646894559	1,063538933	361,744314	0,01338756	15760,9	211	21,59442
24027050	LG	PTE LLANO	TAQUIZA	605,938	122,663	47,69738	2536,218959	3026	1,39526763	1,225591065	0,599896359	369,970418	0,055492876	42455,9	2356	228,2184
24027060	LG	PTE ARCO	MONCHIA	164,958	77,4847	47,307456	1934,955592	2195	1,689224206	1,254384789	0,5365002	313,20516	0,040596422	27785,7	1128	55,12738
24037010	LM	PRIMAVERA	MANCO	99,9432	55,6704	51,98911	2446,683675	2757	1,55921408	1,555866652	0,840477391	558,933763	0,076119427	24369,6	1855	32,41137
24037040	LG	GUICAN	NEVADO	160,778	64,2517	41,581776	4102,039901	2673	1,41882667	0,691120066	0,192812449	396,860647	0,09253612	20003	1851	0,614949
24037070	LM	MAGUNCIA	SOTAQUIRA	140,168	62,5078	26,268688	2929,237164	1175	1,478317803	0,937987144	0,349580503	794,396628	0,028093915	22318	627	19,47627
24037080	LG	GRUTA LA	PESCA	106,294	48,7268	24,30784	3153,757078	1253	1,323340327	1,324942715	0,733813762	581,353826	0,038767698	16457	638	0
24037120	LM	VEGA LA	IZA	100,865	56,4348	23,988667	3154,678257	1309	1,573384166	1,361117593	0,674168443	509,615219	0,048492525	21157,9	1026	0
24037300	LM	PTE COLONIAL	MONGUI	32,2992	25,8451	28,189526	3602,470485	1071	1,273328224	1,087321667	0,433447268	1313,15032	0,077572488	9268,75	719	0
24037370	LG	MOMPA IZQUIERDO	ONZAGA	345,756	100,471	51,858929	2891,060363	2350	1,512912787	1,307247472	0,642071287	453,328298	0,04138729	32497,9	1345	122,6702
24037380	LM	SAN LUIS	NEVADO	223,348	77,7076	41,164039	4060,864571	2723	1,455896471	0,674366397	0,201479306	396,860647	0,089823488	21052,4	1891	0,614949
24037390	LM	CAPITANEJO	CHICAMOCHA	6215,22	560,906	31,428668	2976,669936	4186	1,992140038	1,128785857	0,481157546	775,667982	0,007741338	224509	1738	99,05499
24037410	LM	PTE COLORADO	MINAS	249,743	80,7692	36,388712	3059,215759	1710	1,431057719	1,567410238	0,760782084	998,838826	0,008589672	27125,6	233	0
24037450	LM	MOLINO EL	SALITRE	52,271	38,7122	19,709349	2780,683112	923	1,49925491	1,353131163	0,593063075	1379,636801	0,039191483	12962	508	0
24037480	LM	TRINIDAD LA	SURBA	42,8058	34,5035	36,375403	3419,500862	1333	1,476623834	0,798228207	0,443865084	1151,516984	0,084469188	12501,6	1056	0
24037510	LG	PAZ DE RIO	CHICAMOCHA	2912	326,778	23,427426	2925,846663	1910	1,695567784	1,225854048	0,550309066	938,293121	0,004316712	139458	602	25,49188
24047020	LG	REMOLINO	SUAREZ	9771,59	644,222	29,507944	2238,302493	3776	1,824781902	1,244664499	0,536146113	280,426701	0,010431163	229217	2391	1255,385
24057050	LG	PTE COMUNA	CHUCURI	383,157	111,357	43,628515	1374,839922	2999	1,592895083	1,255163573	0,575482113	526,77845	0,045090825	52050,5	2347	71,47182
24067030	LG	PTE LA PAZ-AUTOMAT	SOGAMOSO	21210,8	973,752	33,928516	2381,42551	5124	1,87209494	1,235011042	0,552312973	489,55098	0,008852489	310986	2753	1896,214
25017010	LG	MONTELIBANO-AUTOMA	SAN JORGE	3944,7	430,856	24,925506	420,621149	3193	1,920804597	0,880046531	0,328668847	351,974053	0,011045391	209137	2310	1000,297
25027080	LM	GRACIAS A DIOS HDA	ANIMITO	322,794	89,1743	37,146368	544,078818	2000	1,389744658	1,201865543	0,421321338	577,858398	0,031763827	35323,2	1122	35,90635
26017020	LG	JULUMITO	CAUCA	733,499	161,473	27,634698	2961,657842	2990	1,66939144	1,040584081	0,26857569	208,997019	0,021951503	67876,9	1490	90,95248
26017040	LM	PTE CARRETERA	PIEDRAS	57,1913	38,124	38,275766	2700,025148	1823	1,411534534	1,25667974	0,40215907	133,789139	0,081635705	16046,9	1310	5,081369
26017060	LG	PTE ARAGON	CAUCA	138,899	66,9482	20,026922	3261,669745	1541	1,590550186	1,067350276	0,248381918	292,584305	0,015856512	11541	183	40,03109
26017070	LG	LOMITAS	CAUCA	71,8709	46,8837	20,782182	3194,212656	538	1,54847204	1,074345931	0,278276743	341,676464	0,020256661	9527,73	193	25,31422
26027080	LM	TOTORO	COFRE	54,0461	46,3236	32,695395	3183,827214	1146	1,764323237	1,780347925	0,795617075	79,923301	0,042041661	18933,6	796	9,800503
26027090	LG	CORTIJO EL	PIENDAMO	150,683	60,1154	36,947634	3353,204047	1277	1,371234222	1,694154019	0,809646742	66,625448	0,038713263	20871,4	808	32,04771
26027100	LG	PTE CARRETERA	PIENDAMO	284,733	107,376	37,06757	3034,293461	2061	1,781748291	1,723476211	0,825334612	76,004096	0,032935586	48397,5	1594	47,91503
26027200	LM	PTE CARRETERA	PALACE	248,27	124,871	27,072427	3042,579311	2061	2,219001005	1,505773682	0,584041568	104,766592	0,030290571	54967,6	1665	42,16596
26027210	LG	PTE FERROCARRIL	QUINAMAYO	150,46	63,5788	22,83951	1318,676366	1629	1,451308802	1,926933045	0,691213612	323,387589	0,007924645	26625,8	211	0,860072
26027240	LG	MALVASA	PALACE	116,575	55,8345	19,9111	3231,375181	801	1,447964621	1,552120129	0,660518979	80,338664	0,020177793	21013,2	424	22,31721
26027250	LG	BUENOS AIRES	LA TETA	127,741	56,8398	22,909045	1338,359604	2113	1,408138642	1,907569841	0,845460737	204,680542	0,018488309	35860,5	663	3,554471
26037010	LG	REMOLINO	SUCIO	155,905	63,2762	25,490158	1997,84633	1437	1,418954271	1,110580405	0,750457009	66,135502	0,043669851	15159,2	662	29,40249
26037030	LM	PTE CARRETERA	HONDO	110,819	77,6514	25,055397	2105,417738	1591	2,065381145	1,09985396	0,315830318	162,187735	0,037283253	31032,7	1157	15,10167
26057030	LG	POTRERITO	JAMUNDI	78,1039	49,6835	42,421437	1834,354325	2820	1,574105563	0,760386075	0,268872617	270,490594	0,056188239	29205,4	1641	16,65386
26057040	LG	TIMBA	TIMBA	396,679	122,895	45,155513	1772,74848	3356	1,727717135	1,425582383	0,717204591	122,904472	0,023886037	37092,8	886	86,62571
26077060	LM	BUCHITOLO	FRAILE	268,274	121,536	45,886882	2469,229357	3298	2,077656168	1,287341147	0,603860232	154,360209	0,060272203	45510,2	2743	2,219137
26107130	LG	MATEGUADUA	TULUA	767,92	146,618	50,691692	2862,911334	3074	1,481451142	1,265039491	0,559954162	64,900029	0,050743223	50765,4	2576	82,43353
26117060	LM	SAN ANTONIO	TORO	57,3111	34,2008	39,282749	1366,864217	1253	1,264954558	1,030046867	0,488561553	871,826788	0,046646462	11383,5	531	1,992686
26127010	LG	ALAMBRADO EL-AUTOM	LA VIEJA	1653,13	261,248	39,151882	2117,242012	3782	1,799109108	1,150135837	0,499960681	350,924362	0,051703343	47424,4	2452	235,299
26127040	LG	CARTAGO	LA VIEJA	2782,48	303,797	31,035464	1800,724578	3901	1,61259566	1,390941266	0,635763779	404,016443	0,022017971	116632	2568	253,0189
26127090	LM	SUCRE	BARBAS	70,4816	56,9707	23,609392	1738,517078	1129	1,900079226	1,629198841	1,035731311	331,815842	0,038122967	23424,2	893	1,599085
26127100	LM	ARABIA	BARBAS	43,5943	46,448	24,334614	1851,710999	973	1,969745856	1,52488635	1,05518382	331,815842	0,041521351	17605,4	731	1,599085
26137110	LG	BANANERA LA 6-909	OTUN	274,943	87,3074	45,547303	3215,415392	3296	1,474306407	1,147912265	0,412812838	342,512564	0,073163938	39131,3	2863	54,06142
26137120	LG	REINA LA	SAN EUGENIO	79,7722	53,2644	36,414454	2491,411177	2679	1,669818568	1,535232274	0,683195399	250,843285	0,103384886	19093,7	1974	0,002792
26147040	LG	BUENOS AIRES	RISARALDA	479,194	152,309	34,15483	2080,739578	2179	1,948174759	1,379774905	0,53840407	60,393035	0,028045043	65394,8	1834	139,4934
26147130	LM	BRETANA LA	MAPA	239,894	84,0735	52,101762	2053,3706	2795	1,519873581	1,13354191	0,458535853	95,450796	0,040429148	26713,4	1080	83,97552
26147140	LG	PTE NEGRO	RISARALDA	836,031	192,762	31,984553	1765,081739	2362	1,86667308	1,349192648	0,471872454	71,098417	0,020849112	96646,8	2015	161,496
26157020	LG	RETIRO EL	CHINCHINA	1046,64	192,555	39,993462	2495,292013	4462	1,666533958	1,309364869	0,521669342	107,587232	0,048779104	74007,1	3610	205,4648
26157080	LG	CHUPADEROS	CHINCHINA	148,492	59,1097	43,627824	3128,225402	2242	1,358204791	1,373049747	0,471405867	112,574886	0,088846556	19212,9	1707	37,94198
26157100	LM	SAN GABRIEL	GUACAICA	303,715	90,9378	44,458724	2523,979494	2749	1,461064383	1,542053672	0,698022817	53,760661	0,057516889	38545,2	2217	100,7654
26167010	LG	PTE LAS JUNTAS	TAPIAS	190,811	90,8651	43,125668	1894,921244	3028	1,841846514	1,376750848	0,592209045	57,514445	0,052752519	44737,2	2360	48,09691
26167090	LG	COSTA AZUL	CHAMBERI	208,147	69,0128	45,250248	2557,180147	2379	1,339376274	1,659617078	0,903207829	59,566241	0,069221903	29239,3	2024	36,48426
26177010	LM	PTE CARRETERA	SUPIA	148,202	64,2381	40,796996	2031,360575	2109	1,477487061	1,360164971	0,533056234	54,57675	0,066583349	18803,5	1252	18,20255
26187030	LG	SONSON	SONSON	53,6792	34,1316	26,184234	2628,923925	998	1,304402617	1,227865505	0,484358932	175,471944	0,038326717	8401,45	322	10,6545
26187040	LG	QUITASUENO	ARMA	1086,32	202,926	43,018218	2294,895411	3224	1,72391893	1,393493737	0,796266294	88,082746	0,031861407	83894,6	2673	289,0826
26187170	LG	HERENCIA LA	ARMA	346,556	101,5	40,52516	2902,667826	1902	1,526642549	1,624895469	1,084961738	81,585294	0,035395913	37433,7	1325	177,4825
26197010	LG	CAMPAMENTO	SAN JUAN	466,367	113,038	49,432581	2256,915075	2611	1,465610575	1,390687437	0,655063501	57,903776	0,055906966	28583,2	1598	195,379
26197020	LG	BRASILIA	BOLIVAR	223,912	73,4473	53,095349	1686,350358	2817	1,37434315	0,747196854	0,267962414	90,77951	0,046503043	22213,6	1033	42,10894
26197030	LG	REMOLINO EL	SAN JUAN	1101,18	184,843	50,146017	1956,929093	3294	1,559666997	1,085671156	0,446339381	66,51343	0,038000569	55893,9	2124	324,606
26207040	LG	RODADERO EL	SINIFANA	183,204	70,3386	42,407604	1471,444752	2105	1,455071303	0,933730743	0,264732211	61,697565	0,051589782	23997	1238	5,560947
26217010	LG	GALERA LA	TONUSCO	317,909	83,4104	55,384898	2025,855141	2837	1,309865862	1,165415729	0,622819738	77,237338	0,062353482	26959,2	1681	63,88231
26217040	LG	CANGREJO EL	SAN MATEO	223,296	84,3358	52,467587	1723,10782	2795	1,580263571	1,085858278	0,47918458	76,347457	0,049517511	24435,8	1210	15,65398
26237020	LM	PENALTA	AURRA	203,602	72,1747	36,194445	1955,678895	2515	1,416289381	1,030471115	0,33152916	181,984711	0,066180452	29177,8	1931	10,97697
26237110	LG	CEDRAL EL	SAN ANDRES	160,591	80,6691	23,774843	2783,462381	960	1,782397818	1,42080281	1,095951828	358,142532	0,020461107	29372,8	601	21,25496
26247010	LG	PALMIRA HDA	MAN	339,775	132,806	17,312429	217,170518	981	2,017344261	0,900316454	0,306084909	295,613475	0,007715073	57679,3	445	28,73753
26247050	LG	CAMELIAS LAS-AUTOM	TARAZA	954,77	194,13	50,628964	1026,60962	3010	1,759143645	0,687578849	0,264461598	347,297788	0,023084108	84690,3	1955	336,8177
27027060	LG	BRISAS DEL NECHI	NECHI	238,71	86,4264	24,477798	2513,512145	1228	1,566279083	2,258605412	2,57634787	432,617432	0,031453964	33890,8	1066	17,49951
27027080	LM	MEDIA LUNA	NECHI	179,448	83,7814	40,242936	1609,365327	2134	1,751202358	1,60487855	1,579844858	365,541397	0,049349217	37001,6	1826	25,55925
27027090	LG	PTE ANORI	NECHI	1387,48	245,443	32,050884	1937,035723	2405	1,844995521	1,710111739	1,632816329	397,900149	0,020772303	98448,4	2045	175,2134
27037010	LG	ESPERANZA LA	NECHI	14388,1	977,663	27,138107	1043,226978	3341	2,282156836	1,170256806	0,713958063	365,805275	0,00631404	357299	2256	4840,963
27037020	LM	RETIRO EL	TIGUI	2515,33	371,808	25,456606	542,638924	1948	2,075770215	0,870781749	0,321428997	373,362324	0,009941718	112556	1119	1676,157
27037030	LG	SAN JUAN-AUTOMATIC	NECHI	8163,7	685,418	32,100647	1581,256412	3305	2,124075836	1,442911693	1,050749048	370,984004	0,008661828	255027	2209	1919,401
28017080	LM	CORRAL DE PIEDRA	CESAR	206,512	73,435	37,109375	971,807752	2287	1,430831472	1,77968582	1,164581235	1007,601624	0,038281509	34716,5	1329	2,158481
28017110	LG	MINA LA	BADILLO	475,664	116,477	51,854645	1726,118532	4019	1,495367942	1,419116639	0,655925191	498,449422	0,063862709	49763	3178	39,59488
28017120	LG	ARIGUANI HDA-AUTOM	GUATAPURI	708,828	157,127	68,659381	2493,174765	5080	1,652488393	1,264081815	0,617921414	478,723209	0,067607246	60452,1	4087	186,9419
28027030	LM	FLORES LAS	MAGIRIAIMO	518,193	132,615	53,268742	1943,956728	3522	1,631191351	1,538235331	0,781562082	649,780615	0,049182323	59980,9	2950	68,71597
28027040	LM	STA TERESA	SICARARE	186,214	85,9426	34,651602	627,667226	2226	1,763438649	0,971162222	0,311469599	719,075236	0,033702753	40441,8	1363	8,968761
28027050	LM	BECERRIL	MARACAS	535,938	126,263	43,597177	1153,675574	2861	1,527132992	0,991166318	0,395568144	508,053248	0,034380804	55670,6	1914	109,5956
28037010	LM	PTE CALLAO	AZUCARABUENA	172,61	80,3968	37,000957	763,345541	2728	1,713419946	1,143565518	0,382364869	600,151993	0,05178559	31591,8	1636	45,48697
28037020	LM	CONVENCION HDA	LOS CLAVOS	185,199	96,2534	44,606009	940,511835	2963	1,980408547	1,263367891	0,620953677	680,732676	0,048765926	37854,3	1846	34,11135
28037040	LG	MARIANGOLA	MARIANGOLA	120,62	64,826	47,203226	814,730447	1939	1,652713574	1,075191685	0,464267949	618,526184	0,037480649	25773,3	966	24,43889
28037060	LG	CANTACLARO	GARUPAL	170,288	84,4809	37,234082	577,224199	1685	1,812694182	1,248611887	0,616602462	664,676305	0,025592049	40207,8	1029	14,80772
28037130	LG	PTE CARRETERA	DILUVIO	268,738	92,3081	41,849026	766,013747	1952	1,576642767	1,180005768	0,547001168	639,325882	0,029066326	39702,3	1154	14,21622
28047010	LM	AURORA LA	ARIGUANI	733,479	159,51	39,397757	1159,151344	2930	1,649119414	1,566534731	0,823472792	570,064172	0,021004421	96551,1	2028	114,6576
28047020	LG	PUEBLO BELLO	ARIGUANI	33,378	33,1234	38,13055	1779,550253	2005	1,605324321	2,013197855	0,838875906	454,992043	0,097545931	11348,5	1107	3,587609
28047040	LG	PTE CARRETERA	ARIGUANICITO	175,785	76,2954	35,663619	636,956932	1773	1,611259455	1,347926899	0,642830731	628,104401	0,026528961	38071,6	1010	27,71473
28047050	LG	PALMARIGUANI	ARIGUANI	2462,2	378,832	18,139861	478,192434	3034	2,137681627	1,361753032	0,613272683	660,062823	0,012764735	167101	2133	228,4037
29067010	LG	TREBOL EL	TUCURINCA	433,618	150,486	60,12399	2212,300619	5567	2,023487281	1,297014623	0,573085066	467,389166	0,063298836	75657	4789	140,4988
29067050	LG	CANAL FLORIDA	SEVILLA	244,568	83,5778	53,630033	1966,995522	4501	1,496404999	1,37392699	0,62150404	482,736862	0,079319807	46281	3671	77,78516
29067060	LG	PTO RICO HDA	FUNDACION	970,885	205,169	41,931476	1409,224285	3854	1,843681413	1,619182964	0,840985287	565,932959	0,022025011	108513	2390	221,6391
29067120	LM	FUNDACION	FUNDACION	1010,69	217,997	40,547635	1356,937974	3870	1,919992641	1,608157535	0,825178838	574,260415	0,020113836	119470	2403	222,6988
29067150	LG	GANADERIA CARIBE	ARACATACA	758,609	195,086	56,465316	2948,567001	5622	1,983239392	1,277242991	0,675578592	510,135166	0,038604019	98772,1	3813	205,2717
29067160	LG	PTE SEVILLA	SEVILLA	165,191	66,1582	57,722899	2338,84046	3740	1,441280533	1,384085852	0,665895842	478,739866	0,108547209	26873,1	2917	68,65107
31097010	LM	GUAYARE	GUAVIARE	138049	3608,12	9,017194	301,165419	4236	2,719082419	0,953446103	0,362548805	582,703287	0,00184456	1996140	3682	110526,66
31097020	LG	PTO INIRIDA	INIRIDA	53670,3	2452,58	6,37245	180,274234	917	2,964245726	0,970464253	0,388259428	560,079556	9,68672E-05	1331720	129	49483,7
32037010	LM	BALSORA LA	GUAYABERO	9603,47	673,701	27,472463	1054,608929	4194	1,924913114	1,155474213	0,49674753	368,212986	0,015814213	221889	3509	7372,177
32037030	LG	MACARENA LA	GUAYABERO	13830,2	838,022	22,091861	837,508727	4194	1,995258736	1,075555819	0,422698153	434,206895	0,012913772	274668	3547	9866,916
32047010	LG	RAUDAL DOS	GUAYABERO	23008,9	1231,06	16,315837	612,456851	4194	2,27242377	1,004231407	0,369357075	576,735483	0,006348082	564895	3586	17255,9
32077070	LM	PINALITO	GUEJAR	2371,93	316,403	23,278015	734,395555	3521	1,819062789	0,95386164	0,222814333	323,548896	0,015558038	136971	2131	856,9558
32077100	LG	PE#AS BLANCAS	GUEJAR	1231,22	189,701	30,782129	986,755992	3185	1,513769745	1,02252769	0,300921038	273,793331	0,029595027	68288,5	2021	483,0882
32157010	LG	MAPIRIPANA	GUAVIARE	52248,4	2006,81	13,391214	507,658115	4236	2,458259861	0,996890662	0,373619096	590,579603	0,003156226	1147890	3623	32933,135
32197010	LM	ARABIA ARRECIFAL	GUAVIARE	68320,6	2846,62	11,785627	429,616658	4236	3,049381013	0,973855009	0,368307655	590,053657	0,001979314	1860240	3682	46828,36
35017090	LM	PTE CAMACHO	CNO CAMOA	19,3498	23,0418	4,747754	465,886895	77	1,466682782	1,162451808	0,258400604	464,229569	0,006447927	5583,19	36	3,636386
35017100	LM	BAJO NARE	METICA	7719,62	708,211	20,55214	1207,556091	3977	2,256954158	1,250459314	0,413362316	495,386257	0,013088995	252655	3307	1864,508
35027100	LG	CARAZA	UNE	160,124	66,2431	27,610985	2912,896311	1977	1,465785645	1,145143882	0,41530314	476,704849	0,083463176	20152,6	1682	19,05004
35027140	LG	PTE CARRETERA	GUAYURIBA	2818,27	330,502	42,576684	2617,223457	3555	1,74317434	1,171476327	0,458614682	510,496457	0,027039506	108286	2928	915,8959
35027150	LG	ANIMAS LAS	CHOCHAL	111,26	48,3326	25,81152	3689,963299	1270	1,283005924	0,964236069	0,269638684	639,155536	0,064528779	16829,7	1086	6,190773
35027190	LG	GUACAPATE	NEGRO	1298,6	195,496	34,638448	2626,027064	2691	1,519001518	1,236255779	0,457030648	600,264679	0,035440503	60919	2159	327,3666
35027200	LG	PALMAR EL	BLANCO	1013,05	175,048	46,380279	3055,928128	3183	1,539925618	1,078439486	0,439761117	498,033829	0,045384244	66014,1	2996	272,6324
35027210	LG	CASETEJA-DELICIAS	NEGRO	2483,53	298,897	41,150897	2760,746107	3256	1,679364167	1,142636055	0,437884785	548,959809	0,031718978	82726,5	2624	691,4757
35027220	LM	LLANO LARGO	QDA IDAZA	3,54446	10,1938	21,406589	3179,648525	507	1,516069463	1,028210221	0,282130423	683,210561	0,073097844	1860,52	136	0
35047030	LM	PTE CARRETERA	GUACAVIA	338,966	98,703	36,186131	1137,449409	3398	1,501102385	0,883252996	0,194709794	254,651966	0,06428932	38031,2	2445	139,365
35057010	LG	CABLE EL	HUMEA	953,998	149,497	36,35818	1077,816441	3545	1,355241765	0,988398785	0,355346657	331,031516	0,042834891	44940	1925	373,3668
35057040	LM	PTE CARRETERA	QDA SALINAS	16,2266	24,2485	24,044803	598,508883	708	1,685501505	1,407324763	0,431390433	282,844655	0,024775087	8516,62	211	3,18999
35067010	LG	GLORIA LA	NEGRO	75,634	45,3118	35,728161	2497,730116	1378	1,458850577	1,499757292	0,872623423	185,469419	0,062264124	14149,4	881	37,80455
35067030	LG	UBALA	CHIVOR	67,9645	37,5549	34,097451	2449,048622	1433	1,275509149	1,305275519	0,647396803	253,747207	0,079685214	10114,8	806	16,88581
35067090	LG	BOCA LA	BATATAS	47,6362	32,7758	47,011496	2157,865093	1263	1,329666653	1,49166512	0,965652172	239,540867	0,043361276	8878,89	385	30,07174
35067130	LG	MUNDO NUEVO	RUCIO	36,5948	26,9246	36,604631	2302,484533	1457	1,24622828	1,367930034	0,628504596	199,922043	0,083467896	7691,58	642	13,81139
35077080	LG	PTE FIERRO	SOMONDOCO	616,726	140,92	32,451221	2467,107137	2182	1,588855995	1,200148966	0,530219255	417,974949	0,041366197	45858,7	1897	92,81599
35077090	LM	PTE ADRIANA	JENESANO	345,518	138,039	22,017691	2821,698998	1531	2,07933516	1,266238503	0,538322171	328,687317	0,031364783	41001,4	1286	14,85108
35077100	LG	SAN JOSE	TEATINOS	30,4221	24,9032	22,232218	3259,721488	603	1,264208171	1,392966823	0,788900175	339,705151	0,043822616	8100,84	355	3,542861
35077140	LG	BARBOSA TERMALES	MACHETA	372,22	109,809	31,415863	2651,581001	1972	1,593661627	1,138682379	0,443286229	428,629285	0,05335625	32348,6	1726	57,72736
35087010	LG	SAN AGUSTIN	LENGUPA	1633,72	211,543	36,115719	2061,231607	3398	1,465439446	1,184956736	0,535281444	222,726727	0,026767131	98927,3	2648	483,6959
35087020	LG	PAEZ	LENGUPA	1033,76	162,613	33,084437	2289,988439	3014	1,416131005	1,20935539	0,509789506	235,783116	0,039557018	57031,6	2256	254,4597
35087030	LM	PTE FORERO	TUNJITA	81,8254	45,4574	32,686362	2548,141124	1784	1,407079238	1,116307418	0,537730338	201,428299	0,110174984	10801	1190	57,93292
35087040	LM	CEDROS LOS	TUNJITA	215,497	68,7419	33,807866	2251,306781	2304	1,311169834	1,081864875	0,510447941	257,596382	0,0707243	24037	1700	101,6273
35097090	LG	REVENTONERA LA	UPIA	1130,7	243,184	35,339208	2337,370314	3527	2,024973448	1,151134142	0,531086937	349,470238	0,028760492	112585	3238	308,9008
35097100	LG	MOMBITA PTE ROMERA	UPIA	651,227	149,385	29,892332	2991,514368	2720	1,63907499	1,23770965	0,569693824	447,32559	0,039743099	61595,6	2448	89,83274
35107010	LM	PTE CABUYARITO	CABUYARITO	925,021	177,773	6,922541	251,978041	891	1,636620688	1,085155133	0,354046016	740,28335	0,003035648	86637,2	263	177,2403
35117010	LG	HUMAPO	META	25877,7	1106,56	22,311357	1235,850367	4001	1,926061551	1,170361318	0,420748366	479,415838	0,008527471	391089	3335	5759,886
35127010	LM	PTO GAITAN	MANACACIAS	9798,25	805,727	6,207286	205,57866	181	2,279143606	1,355638298	0,607098206	805,702274	0,000272123	452001	123	2171,326
35127030	LM	ESPERANZA LA	MANACACIAS	8470,7	681,213	6,206694	209,781156	173	2,072436861	1,375931709	0,611460682	794,822676	0,000330207	339181	112	1949,214
35197020	LG	VADO HONDO	CUSIANA	210,153	78,2331	27,532223	3373,301442	1092	1,511056745	1,269946715	0,547220359	1095,689209	0,039080872	20623,9	806	0
35197030	LG	ESTEROS LOS	UNETE	247,604	83,8778	31,778412	787,253906	1713	1,492540877	1,098589607	0,387715869	353,645699	0,046220006	25183,9	1164	102,0697
35197040	LM	PTE CHARTE	CHARTE	328,533	104,077	36,602853	1078,928977	2960	1,607767691	1,268113045	0,56158742	528,729685	0,059293951	37238,2	2208	163,1457
35217030	LG	PTE LA CABANA	CRAVO SUR	999,192	203,287	41,923013	2280,497588	3471	1,800707461	0,967374644	0,389314566	587,715841	0,039563136	77268,9	3057	290,1776
35217060	LG	PLAYON EL	TOCARIA	1392	197,223	40,572303	1564,271591	3523	1,480116753	1,02403819	0,44612069	593,686003	0,037410501	83185,2	3112	745,0933
35257040	LG	ACEITICO	META	106035	2567,94	12,102084	567,232008	5258	2,208097689	0,89710949	0,270358844	852,925698	0,003212072	1061620	3410	22193,036
35267080	LG	AGUAVERDE	META	76005,5	2157,28	13,211986	649,331554	4071	2,190998289	1,000740456	0,320378131	798,940727	0,004041935	837965	3387	15354,079
36017010	LG	PAZ DE ARIPORO	ARIPORO	500,913	155,354	29,296845	966,883372	2308	1,943566119	1,090327039	0,402265463	620,668461	0,024773474	59055,1	1463	351,2174
36017020	LM	PTE CARRETERA	MUESE	43,7892	39,1077	20,474128	568,54588	1045	1,654766807	1,066947604	0,274040174	875,974614	0,044861364	15425,3	692	24,1747
36017030	LM	PTE CARRETERA	TATE	114,881	57,063	22,994061	658,467106	1278	1,490694084	0,862195829	0,208911831	668,650085	0,033899993	22094,4	749	62,97612
37017010	LM	BERLIN	JORDAN	10,8024	17,4821	13,431814	3410,735522	221	1,489331942	1,155885174	0,462860105	523,689427	0,018129079	3695,72	67	0
37017040	LG	PTE LOPEZ	CHITAGA	848,075	157,558	37,49747	3282,627765	2636	1,514890912	1,09889518	0,501134923	606,10296	0,030929701	48626,4	1504	19,03615
37017050	LM	VENAGA	CHITAGA	1572,41	270,97	40,036665	2898,623707	4502	1,913358474	0,961979168	0,382215834	598,669959	0,027914028	78491	2191	241,5929
37027010	LG	PENA DE LOS MICOS	MARGUA	2584,38	346,091	41,598793	2891,826277	4510	1,906207401	1,020303035	0,431244631	558,679501	0,027072147	84699,6	2293	445,5273
37037010	LG	PASO DE LA CANOA	COBUGON	1516,2	200,385	55,486687	2340,212816	4442	1,440937003	0,932221022	0,356483314	299,541288	0,043461326	87802,2	3816	802,6232
38017030	LG	RONCADOR	ORINOCO	343586	5507,66	6,620027	207,696953	4236	2,630918677	0,600844488	0,248790696	676,738518	0,001653827	2245700	3714	137844,81
38027020	LG	PTO NARI#O	ORINOCO	291170	5640,06	7,442298	240,976275	4236	2,926634192	0,598463329	0,241410516	632,329594	0,001733102	2123360	3680	131595,91
42077020	LG	MITU	VAUPES	21558,2	1502,67	6,198109	239,382666	495	2,865598882	0,736350295	0,23392491	479,074755	0,000195539	966560	189	19041,09
44017050	LG	RIOGRANDE	GRANDE	130,612	66,0286	27,914937	3002,01411	1352	1,617702217	1,330778872	0,59718862	274,182892	0,039935302	27945,2	1116	110,0183
44017060	LG	PAPAS	CAQUETA	86,4905	50,8757	28,101542	3196,087628	1191	1,531737078	1,233047872	0,474040502	259,77285	0,020560489	11575,6	238	24,54563
44017070	LG	STA ROSA	CAQUETA	686,66	148,726	37,797333	2924,096638	2540	1,589183526	1,434189369	0,68301634	251,034044	0,027347883	54154,1	1481	410,9062
44017090	LG	CURIACO	CAQUETA	429,683	132,608	29,813178	3048,724839	2264	1,791239554	1,36746589	0,55389671	267,334781	0,027180279	43965,7	1195	220,8155
44017110	LG	ANDAQUI	CAQUETA	4456,77	398,404	43,529763	2085,872983	3867	1,67098138	1,515122145	0,958429535	228,005894	0,017259776	160257	2766	3785,387
44037040	LG	ROSARIO EL-AUTOMAT	CARA#O	56,14	37,8393	47,740963	1763,439132	1881	1,414050504	1,186671714	0,463127895	273,740125	0,081240015	14709,5	1195	55,13369
44037050	LG	VENECIA	ORTEGUAZA	1071,57	202,385	39,226955	1539,434523	3183	1,731115637	1,710211685	0,948608117	285,151756	0,023297106	121088	2821	685,8425
44037060	LG	FLORENCIA-AUTOMATI	HACHA	297,219	100,902	47,279336	1401,69052	2409	1,638775723	1,190977162	0,445799225	249,969223	0,043992101	44007,9	1936	154,1304
44037080	LG	MORELIA	BODOQUERO	340,524	102,399	44,495293	1091,914856	2366	1,553745499	1,338772019	0,647531452	267,393314	0,032536664	47669,3	1551	264,7649
44037090	LG	LARANDIA	ORTEGUAZA	1683,25	264,589	37,486586	1311,522001	3208	1,80574119	1,563527617	0,794593792	291,646351	0,019417742	145949	2834	921,3748
44037100	LG	ITARCA	SAN PEDRO	651,81	159,418	33,71123	1130,019063	2482	1,748376168	1,603589232	0,733342538	347,81396	0,021611596	72137,2	1559	354,6085
44117010	LG	TAGUA LA	CAQUETA	31140,8	1442,66	18,691174	684,243913	4060	2,289059804	1,078010745	0,457085239	382,241802	0,004615257	640051	2954	19851,86
44157010	LG	MERCEDES LAS	CAQUETA	68465,5	2691,79	15,763998	545,911001	4122	2,880469723	1,053376012	0,411513828	416,355479	0,00268141	1125900	3019	47664,06
44157030	LM	MARIA MANTECA	CAQUETA	133301	3699,33	11,747904	374,672208	4188	2,837033095	1,014026087	0,364528398	445,464907	0,002070381	1471710	3047	108262,8
44187010	LM	PTO CORDOBA	CAQUETA	147897	4099,32	11,256423	351,10862	4188	2,984627735	0,996903496	0,349675788	452,444539	0,001863217	1635880	3048	122170,9
46017010	LG	SAN IGNACIO	CAGUAN	3332,73	429,825	36,391454	1317,017446	3380	2,084729144	1,099490342	0,509342191	283,240181	0,011818897	161521	1909	2098,554
46037010	LM	ESMERALDA LA	ESMERALDA	64,1913	36,8834	33,010983	646,712886	1477	1,288993996	1,459682106	0,591980533	392,500219	0,042595726	15306,7	652	27,58369
46037040	LM	DONCELLO	DONCELLO	17,7079	20,2319	49,563888	956,034891	1230	1,346204912	1,069589901	0,508247731	393,302117	0,094235048	7343,34	692	9,938207
46077010	LM	QUILLA LA	CAGUAN	17597,6	1114,98	20,308363	687,313421	3530	2,353414298	1,090963335	0,451709324	399,133867	0,003656536	544231	1990	9207,383
47017020	LG	COCHA LA	GUAMUES	237,707	86,3598	24,30451	2985,123161	964	1,568370532	1,828601808	1,222092744	493,262836	0,020941092	27840	583	105,7348
47017110	LG	MONOPAMBA	SUCIO	459,847	140,872	42,976643	2953,999135	2415	1,839399368	1,331999265	1,013380537	219,003342	0,050559714	32891,8	1663	311,5449
47017130	LG	JOYAS LAS	GUAMUES	460,496	121,11	26,236972	2997,530803	1805	1,580247473	1,61307075	1,001094472	474,454777	0,026942205	44799,6	1207	216,5886
47017150	LG	JOYA LA	GUINEO	377,182	123,159	11,508141	469,599094	2146	1,775614594	1,323721098	0,410942198	300,293896	0,022954938	47527,9	1091	124,3525
51027020	LM	PILISPI	GUIZA	428,639	113,125	46,56553	2587,069018	2863	1,529927257	1,012383561	0,352277791	528,454059	0,055111854	43547,8	2400	129,1752
51027040	LM	PALPIS	GUIZA	514,76	136,705	45,805481	2417,075641	3111	1,687096927	0,966417937	0,334136297	486,756683	0,048952193	53807,6	2634	154,1135
52017010	LG	PTE GUASCAS	PATIA	8782,7	537,369	38,734559	1826,862226	3987	1,605523313	1,289828387	0,5906498	404,145694	0,012608007	209708	2644	1041,284
52017020	LG	PTO NUEVO	PATIA	5106,23	377,186	37,539988	1689,45892	3891	1,477962482	1,298020614	0,591532305	240,528013	0,015999038	158072	2529	471,3557
52017030	LG	FONDA LA	PATIA	1704,49	247,696	36,140868	1609,287618	3820	1,679885942	1,031811307	0,366385253	129,053843	0,029700108	83366,7	2476	113,3251
52017070	LG	BOCATOMA	SAJANDI	167,617	62,8485	51,146697	1843,519297	2481	1,35923302	0,970041141	0,340060972	149,977408	0,084674869	19604,4	1660	16,37077
52017080	LG	PTE CARRETERA	MAMACONDE	246,998	80,6542	60,416919	1972,867234	2892	1,436938896	0,837693455	0,358302496	339,640213	0,072015076	31201,8	2247	36,27027
52017110	LG	PTE CARRETERA	QUILCASE	270,055	107,573	38,893909	2278,664331	3544	1,83288493	1,018146218	0,342522819	194,050385	0,054366257	47474,3	2581	33,37438
52017130	LG	PTE COLGANTE	TIMBIO	769,083	198,741	36,836437	1681,054719	3036	2,006591167	1,028912615	0,411529055	118,568319	0,034263407	71213	2440	57,15687
52037010	LG	CA#ADA LA	MAYO	336,52	89,2141	43,384351	2775,609649	2525	1,361714587	1,619337915	1,040057055	597,148798	0,052989701	29760,5	1577	88,29754
52047010	LG	UNIVERSIDAD	PASTO	211,108	80,1955	25,064285	2972,411796	1760	1,545452584	1,183357954	0,43342744	550,691544	0,041738707	20532,5	857	37,64835
52047040	LG	PROVIDENCIA	PASTO	455,116	123,404	33,781876	2634,251935	3134	1,619668801	1,20649483	0,428462194	473,120319	0,044315134	50524,5	2239	88,80643
52057040	LG	CARLOSAMA	BLANCO	210,64	90,367	21,085642	3403,548968	1925	1,743401732	1,046425812	0,308583365	859,352386	0,024723525	34542	854	4,369884
52057060	LG	YUNGUILLA	PACUAL	377,412	96,565	45,779134	2626,231463	2615	1,391777861	1,049799847	0,320604538	510,011554	0,051856489	37218,1	1930	14,4813
52067010	LG	SALI-AUTOMATICA	TELEMBI	2164,79	263,605	40,982824	1143,578064	3725	1,586367443	0,861273716	0,273467634	313,091606	0,027994892	110413	3091	1578,619
52067030	LG	VERGEL EL	SASPI	43,1228	30,3236	60,155646	2428,878459	1903	1,29296067	1,007601107	0,347843832	578,665371	0,112037253	5480,32	614	13,1961
52067040	LG	SANDE EL	CRISTAL	152,131	59,8005	56,793072	1840,518251	2253	1,357544225	0,767932243	0,200485108	315,863358	0,062135257	22772,9	1415	70,00677
53047010	LG	SANGARAL	NAPI	419,603	108,565	34,022739	632,520962	3871	1,483981804	1,107970231	0,382504415	257,526099	0,045100603	53835,2	2428	285,7494
53077010	LG	ANGOSTURA-AUTOMATI	MICAY	2383,23	278,242	55,744653	1472,276202	3761	1,595870839	1,047220265	0,439109947	185,471611	0,020610752	117560	2423	1603,885
53077020	LM	GUAYABAL	MICAY	3796,05	414,095	49,172246	1116,834249	3792	1,88188056	1,059710219	0,403313971	198,169537	0,013563166	179899	2440	2870,403
53077060	LG	MONO EL	CHUARE	604,36	141,166	54,79909	983,414322	3180	1,607830579	0,927861814	0,374776623	101,732275	0,038765601	53114,1	2059	591,8551
53107040	LG	AGUACLARA	ANCHICAYA	736,298	146,487	46,103382	1567,837779	3898	1,511577107	0,864283973	0,414234454	140,615702	0,03668115	77396,7	2839	574,6298
54017040	LG	TADO-AUTOMATICA	SAN JUAN	1766,2	277,74	48,199356	1240,983606	4019	1,850446453	1,150380289	0,513248783	120,451007	0,022363074	117381	2625	1256,822
54027020	LG	BOCAS DE IRO	CONDOTO	598,474	150,095	27,783086	353,216287	1822	1,717914766	1,18845233	0,494591244	188,004186	0,012528419	66329,2	831	386,7418
54027040	LG	MAMPI	TAMANA	1829,63	220,148	49,204165	1197,732227	4025	1,441090115	1,062045368	0,44681165	106,925086	0,02203736	86671	1910	1231,28
54077010	LG	TROJITA LA	CALIMA	1297,68	272,66	30,358596	879,260998	3828	2,119315703	1,504003438	0,711269342	101,581557	0,013578015	122772	1667	1029,329
