http://fews.ideam.gov.co/colombia/Mapas/<idEstacion>.HTML
0011027030
0011037030
0011047020
0011047040
0011077020
0011117050
0011159010
0012017020
0012027010
0013017050
0013037040
0013047030
0013057010
0013067020
0013067030
0013077060
0014017001
0014019030
0015017040
0015037020
0015067020
0015067150
0015067170
0015067180
0015067200
0015067220
0015077001
0016017020
0016027010
0016027120
0016027300
0016057030
0017017001
0017019010
0021017020
0021017040
0021017050
0021017080
0021037010
0021047010
0021057030
0021057050
0021057060
0021057100
0021087080
0021097070
0021097110
0021107020
0021117080
0021117100
0021127020
0021137010
0021137050
0021147010
0021167060
0021167070
0021167080
0021167090
0021167100
0021197010
0021197030
0021197080
0021197110
0021197150
0021197430
0021207420
0021207960
0021208480
0021209200
0021209560
0021209920
0021209940
0021217070
0021217120
0021217180
0021237010
0021237020
0021257070
0021257100
0021257120
0022057010
0023017030
0023017040
0023017060
0023017090
0023037010
0023057140
0023067020
0023067060
0023067070
0023067080
0023087150
0023087210
0023097030
0023097040
0023107040
0023117030
0023127010
0023127020
0023127050
0023157030
0023187010
0023197370
0023197690
0023207040
0023217020
0023217080
0024017250
0024017330
0024017600
0024017740
0024017830
0024037020
0024037040
0024037070
0024037130
0024037190
0024037270
0024037290
0024037320
0024037390
0024037480
0024037510
0024067010
0025017010
0025017020
0025017030
0025027020
0025027070
0025027200
0025027370
0025027450
0025027530
0025027590
0025027680
0026027010
0026027310
0026027320
0026047020
0026047070
0026057030
0026067010
0026077060
0026087050
0026107070
0026127010
0026127040
0026127140
0026137110
0026137240
0026147130
0026147140
0026157020
0026157100
0026157160
0026157170
0026157190
0026157200
0026167070
0026177030
0026187040
0026197010
0026207080
0026247020
0026247050
0027037010
0027037030
0028037090
0028047030
0029017010
0029037020
0029037080
0029037820
0029047000
0029047070
0029047080
0029067010
0029067050
0029067120
0029067130
0031097020
0032037030
0032067030
0032077070
0032077080
0032077110
0032097010
0032107030
0035017020
0035027002
0035027140
0035027210
0035027500
0035027510
0035027520
0035037100
0035047030
0035057010
0035067130
0035077080
0035077120
0035077150
0035077310
0035077320
0035087010
0035087020
0035097070
0035107030
0035117010
0035197180
0035197190
0035217010
0035217030
0035217060
0035237010
0035237020
0035267010
0036017010
0036027050
0037057020
0037057060
0037057150
0037057160
0038017010
0042077020
0044017060
0044017070
0044017110
0044037050
0046037040
0047017070
0047017110
0047017160
0047017170
0047047050
0048017010
0051027060
0051039010
0052017020
0052037010
0052057030
0052057080
0052057090
0052077020
0053107050
0053119010
0054077210
